retL, cameraMatrixL, distL, rvecsL, tvecsL

1
0.24640187340724506
2
[[601.45570622   0.         379.14165792]
 [  0.         601.55897743 270.86295485]
 [  0.           0.           1.        ]]
3
[[-2.64306372e-01  1.53003760e-01  1.21761926e-04 -1.02998878e-03
  -6.63401204e-02]]
4
(array([[-0.23828859],
       [ 0.07779656],
       [ 2.07162667]]), array([[-0.11503435],
       [-0.01419427],
       [ 0.35948108]]), array([[ 0.08596868],
       [-0.1670724 ],
       [ 0.00718327]]), array([[-0.04378389],
       [-0.10386801],
       [ 0.02189593]]), array([[-0.23290834],
       [ 0.07192977],
       [ 0.00891549]]), array([[ 0.03487557],
       [ 0.0595207 ],
       [-0.03344477]]), array([[-0.07829381],
       [ 0.0583707 ],
       [ 1.55134312]]), array([[-0.14763445],
       [ 0.10626329],
       [ 1.51754433]]), array([[-0.05943141],
       [ 0.03232539],
       [ 1.4691865 ]]), array([[-0.42503092],
       [ 0.40640994],
       [ 1.57506197]]), array([[ 0.08645332],
       [-0.08853381],
       [ 1.61593019]]), array([[-0.47663178],
       [-0.27502398],
       [ 1.56677914]]), array([[0.23040259],
       [0.62009937],
       [1.47761506]]))
5
(array([[ 75.96331581],
       [-91.00770125],
       [538.95883738]]), array([[ -73.7299108 ],
       [-121.57075527],
       [ 527.91848008]]), array([[-254.06608577],
       [-172.15223694],
       [ 482.94291219]]), array([[-287.23379653],
       [  38.46618892],
       [ 543.71210504]]), array([[ 68.99702776],
       [ 31.19476638],
       [623.72042232]]), array([[  90.36598216],
       [-266.60669313],
       [ 682.44694848]]), array([[  60.6919255 ],
       [-104.63892441],
       [ 287.82814579]]), array([[  71.18638021],
       [-103.05733243],
       [ 450.25548941]]), array([[   6.8553836 ],
       [-107.96083177],
       [ 683.33607823]]), array([[  55.97053016],
       [-107.31228075],
       [ 517.09642872]]), array([[  56.44733656],
       [-108.70307668],
       [ 475.24966575]]), array([[  21.75897402],
       [-114.02787297],
       [ 534.01319351]]), array([[  51.90232384],
       [-128.56745519],
       [ 486.46283849]]))
1
0.25165964972604027
2
[[601.19002295   0.         388.78358635]
 [  0.         600.81138214 313.08172803]
 [  0.           0.           1.        ]]
3
[[-0.24326084  0.07625505  0.00087992 -0.00035511  0.02719037]]
4
(array([[-0.23118217],
       [ 0.07789243],
       [ 2.0750435 ]]), array([[-0.11626707],
       [ 0.00625138],
       [ 0.35739863]]), array([[ 0.08173663],
       [-0.15957565],
       [ 0.01157392]]), array([[-0.04533397],
       [-0.09293161],
       [ 0.03931238]]), array([[-0.23517463],
       [ 0.08003667],
       [ 0.0052411 ]]), array([[ 0.03390395],
       [ 0.05869994],
       [-0.03655019]]), array([[-0.07335373],
       [ 0.06693682],
       [ 1.55427022]]), array([[-0.13331028],
       [ 0.1081247 ],
       [ 1.52500445]]), array([[-0.05893006],
       [ 0.03720925],
       [ 1.48353724]]), array([[-0.43444643],
       [ 0.42669133],
       [ 1.57664826]]), array([[ 0.09074115],
       [-0.06865415],
       [ 1.6185322 ]]), array([[-0.4715334 ],
       [-0.27298053],
       [ 1.56337983]]), array([[0.23267662],
       [0.63560334],
       [1.47612011]]))
5
(array([[ 13.54851314],
       [-92.96716536],
       [537.90504737]]), array([[-134.20198864],
       [-118.43067538],
       [ 528.82257235]]), array([[-313.77830614],
       [-170.20617859],
       [ 484.8889792 ]]), array([[-350.13520112],
       [  37.01446619],
       [ 545.7821513 ]]), array([[  8.43361725],
       [ 33.63865295],
       [621.65541518]]), array([[  29.1622907 ],
       [-262.22877057],
       [ 683.81631142]]), array([[  -3.55810136],
       [-104.3396211 ],
       [ 287.18278781]]), array([[   8.32385926],
       [-102.30491308],
       [ 449.41885297]]), array([[ -57.39812039],
       [-105.44486827],
       [ 683.39264938]]), array([[  -3.5612197 ],
       [-106.24200778],
       [ 518.01487075]]), array([[  -4.32782427],
       [-106.29244568],
       [ 473.65691566]]), array([[ -39.84274616],
       [-114.17980251],
       [ 534.74212111]]), array([[  -7.51474135],
       [-125.2248137 ],
       [ 486.71744403]]))
