1.000000e+00 -1.125755e-10 -1.212568e-11 -1.989100e-08 1.125755e-10 1.000000e+00 1.409492e-10 -4.576113e-07 1.212568e-11 -1.409492e-10 1.000000e+00 -3.422004e-08
1.000000e+00 -1.794401e-10 1.100210e-11 -4.610740e-09 1.794401e-10 1.000000e+00 2.278104e-10 -8.107810e-07 -1.100210e-11 -2.278104e-10 1.000000e+00 8.687507e-09
1.000000e+00 -1.794401e-10 1.101236e-11 -4.608807e-09 1.794401e-10 1.000000e+00 2.278101e-10 -8.107682e-07 -1.101236e-11 -2.278101e-10 1.000000e+00 8.715418e-09
1.000000e+00 -1.794437e-10 1.101171e-11 -4.618481e-09 1.794437e-10 1.000000e+00 2.278100e-10 -8.107791e-07 -1.101171e-11 -2.278100e-10 1.000000e+00 8.705584e-09
9.899159e-01 -1.415539e-01 -5.381290e-03 5.054517e+02 1.411977e-01 9.829461e-01 1.178141e-01 2.222225e+01 -1.138753e-02 -1.173859e-01 9.930211e-01 4.000260e+02
9.899159e-01 -1.415539e-01 -5.381290e-03 5.054517e+02 1.411977e-01 9.829461e-01 1.178141e-01 2.222225e+01 -1.138753e-02 -1.173859e-01 9.930211e-01 4.000260e+02
9.899159e-01 -1.415539e-01 -5.381290e-03 5.054517e+02 1.411977e-01 9.829461e-01 1.178141e-01 2.222225e+01 -1.138753e-02 -1.173859e-01 9.930211e-01 4.000260e+02
9.899159e-01 -1.415539e-01 -5.381290e-03 5.054517e+02 1.411977e-01 9.829461e-01 1.178141e-01 2.222225e+01 -1.138753e-02 -1.173859e-01 9.930211e-01 4.000260e+02
9.899159e-01 -1.415539e-01 -5.381290e-03 5.054517e+02 1.411977e-01 9.829461e-01 1.178141e-01 2.222225e+01 -1.138753e-02 -1.173859e-01 9.930211e-01 4.000260e+02
9.899159e-01 -1.415539e-01 -5.381290e-03 5.054517e+02 1.411977e-01 9.829461e-01 1.178141e-01 2.222225e+01 -1.138753e-02 -1.173859e-01 9.930211e-01 4.000260e+02
9.946721e-01 -9.461058e-02 4.094266e-02 3.902050e+02 8.276433e-02 9.696635e-01 2.300061e-01 7.813097e+01 -6.146161e-02 -2.253920e-01 9.723276e-01 6.228950e+02
9.946721e-01 -9.461058e-02 4.094266e-02 3.902050e+02 8.276433e-02 9.696635e-01 2.300061e-01 7.813097e+01 -6.146161e-02 -2.253920e-01 9.723276e-01 6.228950e+02
9.946721e-01 -9.461058e-02 4.094266e-02 3.902050e+02 8.276433e-02 9.696635e-01 2.300061e-01 7.813097e+01 -6.146161e-02 -2.253920e-01 9.723276e-01 6.228950e+02
9.946721e-01 -9.461058e-02 4.094266e-02 3.902050e+02 8.276433e-02 9.696635e-01 2.300061e-01 7.813097e+01 -6.146161e-02 -2.253920e-01 9.723276e-01 6.228950e+02
9.946721e-01 -9.461058e-02 4.094266e-02 3.902050e+02 8.276433e-02 9.696635e-01 2.300061e-01 7.813097e+01 -6.146161e-02 -2.253920e-01 9.723276e-01 6.228950e+02
9.946721e-01 -9.461058e-02 4.094266e-02 3.902050e+02 8.276433e-02 9.696635e-01 2.300061e-01 7.813097e+01 -6.146161e-02 -2.253920e-01 9.723276e-01 6.228950e+02
9.946721e-01 -9.461058e-02 4.094266e-02 3.902050e+02 8.276433e-02 9.696635e-01 2.300061e-01 7.813097e+01 -6.146161e-02 -2.253920e-01 9.723276e-01 6.228950e+02
9.946721e-01 -9.461058e-02 4.094266e-02 3.902050e+02 8.276433e-02 9.696635e-01 2.300061e-01 7.813097e+01 -6.146161e-02 -2.253920e-01 9.723276e-01 6.228950e+02
9.946721e-01 -9.461058e-02 4.094266e-02 3.902050e+02 8.276433e-02 9.696635e-01 2.300061e-01 7.813097e+01 -6.146161e-02 -2.253920e-01 9.723276e-01 6.228950e+02
9.946721e-01 -9.461058e-02 4.094266e-02 3.902050e+02 8.276433e-02 9.696635e-01 2.300061e-01 7.813097e+01 -6.146161e-02 -2.253920e-01 9.723276e-01 6.228950e+02
9.946721e-01 -9.461058e-02 4.094266e-02 3.902050e+02 8.276433e-02 9.696635e-01 2.300061e-01 7.813097e+01 -6.146161e-02 -2.253920e-01 9.723276e-01 6.228950e+02
9.930639e-01 -1.099576e-01 4.163480e-02 3.793641e+02 9.768152e-02 9.686632e-01 2.283634e-01 4.869160e+01 -6.544039e-02 -2.227125e-01 9.726853e-01 6.085458e+02
9.930639e-01 -1.099576e-01 4.163480e-02 3.793641e+02 9.768152e-02 9.686632e-01 2.283634e-01 4.869160e+01 -6.544039e-02 -2.227125e-01 9.726853e-01 6.085458e+02
9.930639e-01 -1.099576e-01 4.163480e-02 3.793641e+02 9.768152e-02 9.686632e-01 2.283634e-01 4.869160e+01 -6.544039e-02 -2.227125e-01 9.726853e-01 6.085458e+02
9.930639e-01 -1.099576e-01 4.163480e-02 3.793641e+02 9.768152e-02 9.686632e-01 2.283634e-01 4.869160e+01 -6.544039e-02 -2.227125e-01 9.726853e-01 6.085458e+02
9.930639e-01 -1.099576e-01 4.163480e-02 3.793641e+02 9.768152e-02 9.686632e-01 2.283634e-01 4.869160e+01 -6.544039e-02 -2.227125e-01 9.726853e-01 6.085458e+02
9.930639e-01 -1.099576e-01 4.163480e-02 3.793641e+02 9.768152e-02 9.686632e-01 2.283634e-01 4.869160e+01 -6.544039e-02 -2.227125e-01 9.726853e-01 6.085458e+02
9.598827e-01 -2.803007e-01 -7.529060e-03 6.502985e+02 2.669417e-01 9.052568e-01 3.305333e-01 1.413998e+02 -8.583296e-02 -3.192830e-01 9.437643e-01 8.291978e+02
9.598827e-01 -2.803007e-01 -7.529060e-03 6.502985e+02 2.669417e-01 9.052568e-01 3.305333e-01 1.413998e+02 -8.583296e-02 -3.192830e-01 9.437643e-01 8.291978e+02
9.598827e-01 -2.803007e-01 -7.529060e-03 6.502985e+02 2.669417e-01 9.052568e-01 3.305333e-01 1.413998e+02 -8.583296e-02 -3.192830e-01 9.437643e-01 8.291978e+02
9.598827e-01 -2.803007e-01 -7.529060e-03 6.502985e+02 2.669417e-01 9.052568e-01 3.305333e-01 1.413998e+02 -8.583296e-02 -3.192830e-01 9.437643e-01 8.291978e+02
9.598827e-01 -2.803007e-01 -7.529060e-03 6.502985e+02 2.669417e-01 9.052568e-01 3.305333e-01 1.413998e+02 -8.583296e-02 -3.192830e-01 9.437643e-01 8.291978e+02
9.598827e-01 -2.803007e-01 -7.529060e-03 6.502985e+02 2.669417e-01 9.052568e-01 3.305333e-01 1.413998e+02 -8.583296e-02 -3.192830e-01 9.437643e-01 8.291978e+02
9.819355e-01 -1.878007e-01 -2.309875e-02 6.000281e+02 1.788055e-01 8.810371e-01 4.379524e-01 3.872935e+02 -6.189689e-02 -4.341712e-01 8.987014e-01 1.053073e+03
9.819355e-01 -1.878007e-01 -2.309875e-02 6.000281e+02 1.788055e-01 8.810371e-01 4.379524e-01 3.872935e+02 -6.189689e-02 -4.341712e-01 8.987014e-01 1.053073e+03
9.819355e-01 -1.878007e-01 -2.309875e-02 6.000281e+02 1.788055e-01 8.810371e-01 4.379524e-01 3.872935e+02 -6.189689e-02 -4.341712e-01 8.987014e-01 1.053073e+03
9.819355e-01 -1.878007e-01 -2.309875e-02 6.000281e+02 1.788055e-01 8.810371e-01 4.379524e-01 3.872935e+02 -6.189689e-02 -4.341712e-01 8.987014e-01 1.053073e+03
9.819355e-01 -1.878007e-01 -2.309875e-02 6.000281e+02 1.788055e-01 8.810371e-01 4.379524e-01 3.872935e+02 -6.189689e-02 -4.341712e-01 8.987014e-01 1.053073e+03
9.819355e-01 -1.878007e-01 -2.309875e-02 6.000281e+02 1.788055e-01 8.810371e-01 4.379524e-01 3.872935e+02 -6.189689e-02 -4.341712e-01 8.987014e-01 1.053073e+03
9.859039e-01 -1.667347e-01 -1.389154e-02 5.413919e+02 1.568978e-01 8.925074e-01 4.228636e-01 3.708736e+02 -5.810774e-02 -4.190825e-01 9.060868e-01 1.010084e+03
9.859039e-01 -1.667347e-01 -1.389154e-02 5.413919e+02 1.568978e-01 8.925074e-01 4.228636e-01 3.708736e+02 -5.810774e-02 -4.190825e-01 9.060868e-01 1.010084e+03
9.859039e-01 -1.667347e-01 -1.389154e-02 5.413919e+02 1.568978e-01 8.925074e-01 4.228636e-01 3.708736e+02 -5.810774e-02 -4.190825e-01 9.060868e-01 1.010084e+03
9.859039e-01 -1.667347e-01 -1.389154e-02 5.413919e+02 1.568978e-01 8.925074e-01 4.228636e-01 3.708736e+02 -5.810774e-02 -4.190825e-01 9.060868e-01 1.010084e+03
9.859039e-01 -1.667347e-01 -1.389154e-02 5.413919e+02 1.568978e-01 8.925074e-01 4.228636e-01 3.708736e+02 -5.810774e-02 -4.190825e-01 9.060868e-01 1.010084e+03
9.859039e-01 -1.667347e-01 -1.389154e-02 5.413919e+02 1.568978e-01 8.925074e-01 4.228636e-01 3.708736e+02 -5.810774e-02 -4.190825e-01 9.060868e-01 1.010084e+03
9.963967e-01 7.418471e-03 8.449028e-02 2.889487e+02 -5.446869e-02 8.195652e-01 5.703911e-01 4.814756e+02 -6.501387e-02 -5.729379e-01 8.170162e-01 1.277147e+03
9.963967e-01 7.418471e-03 8.449028e-02 2.889487e+02 -5.446869e-02 8.195652e-01 5.703911e-01 4.814756e+02 -6.501387e-02 -5.729379e-01 8.170162e-01 1.277147e+03
9.963967e-01 7.418471e-03 8.449028e-02 2.889487e+02 -5.446869e-02 8.195652e-01 5.703911e-01 4.814756e+02 -6.501387e-02 -5.729379e-01 8.170162e-01 1.277147e+03
9.963967e-01 7.418471e-03 8.449028e-02 2.889487e+02 -5.446869e-02 8.195652e-01 5.703911e-01 4.814756e+02 -6.501387e-02 -5.729379e-01 8.170162e-01 1.277147e+03
9.963967e-01 7.418471e-03 8.449028e-02 2.889487e+02 -5.446869e-02 8.195652e-01 5.703911e-01 4.814756e+02 -6.501387e-02 -5.729379e-01 8.170162e-01 1.277147e+03
9.963967e-01 7.418471e-03 8.449028e-02 2.889487e+02 -5.446869e-02 8.195652e-01 5.703911e-01 4.814756e+02 -6.501387e-02 -5.729379e-01 8.170162e-01 1.277147e+03
9.916661e-01 8.177468e-02 9.955529e-02 -1.184333e+01 -1.252240e-01 7.934547e-01 5.956078e-01 3.193168e+02 -3.028697e-02 -6.031108e-01 7.970822e-01 1.206563e+03
9.916661e-01 8.177468e-02 9.955529e-02 -1.184333e+01 -1.252240e-01 7.934547e-01 5.956078e-01 3.193168e+02 -3.028697e-02 -6.031108e-01 7.970822e-01 1.206563e+03
9.916661e-01 8.177468e-02 9.955529e-02 -1.184333e+01 -1.252240e-01 7.934547e-01 5.956078e-01 3.193168e+02 -3.028697e-02 -6.031108e-01 7.970822e-01 1.206563e+03
9.916661e-01 8.177468e-02 9.955529e-02 -1.184333e+01 -1.252240e-01 7.934547e-01 5.956078e-01 3.193168e+02 -3.028697e-02 -6.031108e-01 7.970822e-01 1.206563e+03
9.916661e-01 8.177468e-02 9.955529e-02 -1.184333e+01 -1.252240e-01 7.934547e-01 5.956078e-01 3.193168e+02 -3.028697e-02 -6.031108e-01 7.970822e-01 1.206563e+03
9.916661e-01 8.177468e-02 9.955529e-02 -1.184333e+01 -1.252240e-01 7.934547e-01 5.956078e-01 3.193168e+02 -3.028697e-02 -6.031108e-01 7.970822e-01 1.206563e+03
9.916661e-01 8.177468e-02 9.955529e-02 -1.184333e+01 -1.252240e-01 7.934547e-01 5.956078e-01 3.193168e+02 -3.028697e-02 -6.031108e-01 7.970822e-01 1.206563e+03
9.916661e-01 8.177468e-02 9.955529e-02 -1.184333e+01 -1.252240e-01 7.934547e-01 5.956078e-01 3.193168e+02 -3.028697e-02 -6.031108e-01 7.970822e-01 1.206563e+03
9.916661e-01 8.177468e-02 9.955529e-02 -1.184333e+01 -1.252240e-01 7.934547e-01 5.956078e-01 3.193168e+02 -3.028697e-02 -6.031108e-01 7.970822e-01 1.206563e+03
